518 841 594
0 0 841 594
0 0 37 26
37 0 74 26
74 0 100 37
100 0 126 37
126 0 152 37
152 0 178 37
178 0 204 37
204 0 230 37
230 0 256 37
256 0 282 37
282 0 308 37
308 0 334 37
334 0 360 37
360 0 386 37
386 0 412 37
412 0 438 37
438 0 464 37
464 0 490 37
490 0 516 37
516 0 542 37
542 0 568 37
568 0 594 37
0 26 37 52
37 26 74 52
0 52 37 78
37 52 74 78
0 78 37 104
37 78 74 104
0 104 37 130
37 104 74 130
0 130 37 156
37 130 74 156
0 156 37 182
37 156 74 182
0 182 37 208
37 182 74 208
0 208 37 234
37 208 74 234
0 234 37 260
37 234 74 260
0 260 37 286
37 260 74 286
74 37 100 74
100 37 126 74
126 37 152 74
152 37 178 74
178 37 204 74
204 37 230 74
230 37 256 74
256 37 282 74
282 37 308 74
308 37 334 74
334 37 360 74
360 37 386 74
386 37 412 74
412 37 438 74
438 37 464 74
464 37 490 74
490 37 516 74
516 37 542 74
542 37 568 74
568 37 594 74
74 74 100 111
100 74 126 111
126 74 152 111
152 74 178 111
178 74 204 111
204 74 230 111
230 74 256 111
256 74 282 111
282 74 308 111
308 74 334 111
334 74 360 111
360 74 386 111
386 74 412 111
412 74 438 111
438 74 464 111
464 74 490 111
490 74 516 111
516 74 542 111
542 74 568 111
568 74 594 111
74 111 100 148
100 111 126 148
126 111 152 148
152 111 178 148
178 111 204 148
204 111 230 148
230 111 256 148
256 111 282 148
282 111 308 148
308 111 334 148
334 111 360 148
360 111 386 148
386 111 412 148
412 111 438 148
438 111 464 148
464 111 490 148
490 111 516 148
516 111 542 148
542 111 568 148
568 111 594 148
74 148 100 185
100 148 126 185
126 148 152 185
152 148 178 185
178 148 204 185
204 148 230 185
230 148 256 185
256 148 282 185
282 148 308 185
308 148 334 185
334 148 360 185
360 148 386 185
386 148 412 185
412 148 438 185
438 148 464 185
464 148 490 185
490 148 516 185
516 148 542 185
542 148 568 185
568 148 594 185
74 185 100 222
100 185 126 222
126 185 152 222
152 185 178 222
178 185 204 222
204 185 230 222
230 185 256 222
256 185 282 222
282 185 308 222
308 185 334 222
334 185 360 222
360 185 386 222
386 185 412 222
412 185 438 222
438 185 464 222
464 185 490 222
490 185 516 222
516 185 542 222
542 185 568 222
568 185 594 222
74 222 100 259
100 222 126 259
126 222 152 259
152 222 178 259
178 222 204 259
204 222 230 259
230 222 256 259
256 222 282 259
282 222 308 259
308 222 334 259
334 222 360 259
360 222 386 259
386 222 412 259
412 222 438 259
438 222 464 259
464 222 490 259
490 222 516 259
516 222 542 259
542 222 568 259
568 222 594 259
0 286 26 323
26 286 52 323
0 323 26 360
26 323 52 360
0 360 26 397
26 360 52 397
0 397 26 434
26 397 52 434
0 434 26 471
26 434 52 471
0 471 26 508
26 471 52 508
0 508 26 545
26 508 52 545
0 545 26 582
26 545 52 582
0 582 26 619
26 582 52 619
0 619 26 656
26 619 52 656
0 656 26 693
26 656 52 693
0 693 26 730
26 693 52 730
0 730 26 767
26 730 52 767
0 767 26 804
26 767 52 804
0 804 26 841
26 804 52 841
52 286 78 323
78 286 104 323
52 323 78 360
78 323 104 360
52 360 78 397
78 360 104 397
52 397 78 434
78 397 104 434
52 434 78 471
78 434 104 471
52 471 78 508
78 471 104 508
52 508 78 545
78 508 104 545
52 545 78 582
78 545 104 582
52 582 78 619
78 582 104 619
52 619 78 656
78 619 104 656
52 656 78 693
78 656 104 693
52 693 78 730
78 693 104 730
52 730 78 767
78 730 104 767
52 767 78 804
78 767 104 804
52 804 78 841
78 804 104 841
520 545 557 571
557 545 594 571
520 571 557 597
557 571 594 597
520 597 557 623
557 597 594 623
520 623 557 649
557 623 594 649
520 649 557 675
557 649 594 675
520 675 557 701
557 675 594 701
520 701 557 727
557 701 594 727
520 727 557 753
557 727 594 753
520 753 557 779
557 753 594 779
520 779 557 805
557 779 594 805
520 805 557 831
557 805 594 831
104 582 130 619
130 582 156 619
156 582 182 619
182 582 208 619
208 582 234 619
234 582 260 619
260 582 286 619
286 582 312 619
312 582 338 619
338 582 364 619
364 582 390 619
390 582 416 619
416 582 442 619
442 582 468 619
468 582 494 619
494 582 520 619
104 619 130 656
130 619 156 656
156 619 182 656
182 619 208 656
208 619 234 656
234 619 260 656
260 619 286 656
286 619 312 656
312 619 338 656
338 619 364 656
364 619 390 656
390 619 416 656
416 619 442 656
442 619 468 656
468 619 494 656
494 619 520 656
104 656 130 693
130 656 156 693
156 656 182 693
182 656 208 693
208 656 234 693
234 656 260 693
260 656 286 693
286 656 312 693
312 656 338 693
338 656 364 693
364 656 390 693
390 656 416 693
416 656 442 693
442 656 468 693
468 656 494 693
494 656 520 693
104 693 130 730
130 693 156 730
156 693 182 730
182 693 208 730
208 693 234 730
234 693 260 730
260 693 286 730
286 693 312 730
312 693 338 730
338 693 364 730
364 693 390 730
390 693 416 730
416 693 442 730
442 693 468 730
468 693 494 730
494 693 520 730
104 730 130 767
130 730 156 767
156 730 182 767
182 730 208 767
208 730 234 767
234 730 260 767
260 730 286 767
286 730 312 767
312 730 338 767
338 730 364 767
364 730 390 767
390 730 416 767
416 730 442 767
442 730 468 767
468 730 494 767
494 730 520 767
104 767 130 804
130 767 156 804
156 767 182 804
182 767 208 804
208 767 234 804
234 767 260 804
260 767 286 804
286 767 312 804
312 767 338 804
338 767 364 804
364 767 390 804
390 767 416 804
416 767 442 804
442 767 468 804
468 767 494 804
494 767 520 804
104 804 130 841
130 804 156 841
156 804 182 841
182 804 208 841
208 804 234 841
234 804 260 841
260 804 286 841
286 804 312 841
312 804 338 841
338 804 364 841
364 804 390 841
390 804 416 841
416 804 442 841
442 804 468 841
468 804 494 841
494 804 520 841
520 259 557 285
557 259 594 285
520 285 557 311
557 285 594 311
520 311 557 337
557 311 594 337
520 337 557 363
557 337 594 363
520 363 557 389
557 363 594 389
520 389 557 415
557 389 594 415
520 415 557 441
557 415 594 441
520 441 557 467
557 441 594 467
520 467 557 493
557 467 594 493
520 493 557 519
557 493 594 519
520 519 557 545
557 519 594 545
104 286 130 323
130 286 156 323
156 286 182 323
182 286 208 323
208 286 234 323
234 286 260 323
260 286 286 323
286 286 312 323
312 286 338 323
338 286 364 323
364 286 390 323
390 286 416 323
416 286 442 323
442 286 468 323
468 286 494 323
494 286 520 323
104 323 130 360
130 323 156 360
156 323 182 360
182 323 208 360
208 323 234 360
234 323 260 360
260 323 286 360
286 323 312 360
312 323 338 360
338 323 364 360
364 323 390 360
390 323 416 360
416 323 442 360
442 323 468 360
468 323 494 360
494 323 520 360
104 360 130 397
130 360 156 397
156 360 182 397
182 360 208 397
208 360 234 397
234 360 260 397
260 360 286 397
286 360 312 397
312 360 338 397
338 360 364 397
364 360 390 397
390 360 416 397
416 360 442 397
442 360 468 397
468 360 494 397
494 360 520 397
104 397 130 434
130 397 156 434
156 397 182 434
182 397 208 434
208 397 234 434
234 397 260 434
260 397 286 434
286 397 312 434
312 397 338 434
338 397 364 434
364 397 390 434
390 397 416 434
416 397 442 434
442 397 468 434
468 397 494 434
494 397 520 434
104 434 130 471
130 434 156 471
156 434 182 471
182 434 208 471
208 434 234 471
234 434 260 471
260 434 286 471
286 434 312 471
312 434 338 471
338 434 364 471
364 434 390 471
390 434 416 471
416 434 442 471
442 434 468 471
468 434 494 471
494 434 520 471
104 471 130 508
130 471 156 508
156 471 182 508
182 471 208 508
208 471 234 508
234 471 260 508
260 471 286 508
286 471 312 508
312 471 338 508
338 471 364 508
364 471 390 508
390 471 416 508
416 471 442 508
442 471 468 508
468 471 494 508
494 471 520 508
104 508 130 545
130 508 156 545
156 508 182 545
182 508 208 545
208 508 234 545
234 508 260 545
260 508 286 545
286 508 312 545
312 508 338 545
338 508 364 545
364 508 390 545
390 508 416 545
416 508 442 545
442 508 468 545
468 508 494 545
494 508 520 545
104 545 130 582
130 545 156 582
156 545 182 582
182 545 208 582
208 545 234 582
234 545 260 582
260 545 286 582
286 545 312 582
312 545 338 582
338 545 364 582
364 545 390 582
390 545 416 582
416 545 442 582
442 545 468 582
468 545 494 582
494 545 520 582
74 260 111 286
111 260 148 286
148 260 185 286
185 260 222 286
222 260 259 286
259 260 296 286
296 260 333 286
333 260 370 286
370 260 407 286
407 260 444 286
444 260 481 286
481 260 518 286