516 1189 841
0 0 1189 841
111 0 163 37
163 0 215 37
215 0 267 37
267 0 319 37
319 0 371 37
371 0 423 37
423 0 475 37
475 0 527 37
527 0 579 37
579 0 631 37
631 0 683 37
683 0 735 37
735 0 787 37
787 0 839 37
163 37 215 74
215 37 267 74
267 37 319 74
319 37 371 74
371 37 423 74
423 37 475 74
475 37 527 74
527 37 579 74
579 37 631 74
631 37 683 74
683 37 735 74
735 37 787 74
787 37 839 74
215 74 267 111
267 74 319 111
319 74 371 111
371 74 423 111
423 74 475 111
475 74 527 111
527 74 579 111
579 74 631 111
631 74 683 111
683 74 735 111
735 74 787 111
787 74 839 111
215 111 267 148
267 111 319 148
319 111 371 148
371 111 423 148
423 111 475 148
475 111 527 148
527 111 579 148
579 111 631 148
631 111 683 148
683 111 735 148
735 111 787 148
787 111 839 148
215 148 267 185
267 148 319 185
319 148 371 185
371 148 423 185
423 148 475 185
475 148 527 185
527 148 579 185
579 148 631 185
631 148 683 185
683 148 735 185
735 148 787 185
787 148 839 185
215 185 267 222
267 185 319 222
319 185 371 222
371 185 423 222
423 185 475 222
475 185 527 222
527 185 579 222
579 185 631 222
631 185 683 222
683 185 735 222
735 185 787 222
787 185 839 222
215 222 267 259
267 222 319 259
319 222 371 259
371 222 423 259
423 222 475 259
475 222 527 259
527 222 579 259
579 222 631 259
631 222 683 259
683 222 735 259
735 222 787 259
787 222 839 259
215 259 267 296
267 259 319 296
319 259 371 296
371 259 423 296
423 259 475 296
475 259 527 296
527 259 579 296
579 259 631 296
631 259 683 296
683 259 735 296
735 259 787 296
787 259 839 296
215 296 267 333
267 296 319 333
319 296 371 333
371 296 423 333
423 296 475 333
475 296 527 333
527 296 579 333
579 296 631 333
631 296 683 333
683 296 735 333
735 296 787 333
787 296 839 333
215 333 267 370
267 333 319 370
319 333 371 370
371 333 423 370
423 333 475 370
475 333 527 370
527 333 579 370
579 333 631 370
631 333 683 370
683 333 735 370
735 333 787 370
787 333 839 370
215 370 267 407
267 370 319 407
319 370 371 407
371 370 423 407
423 370 475 407
475 370 527 407
527 370 579 407
579 370 631 407
631 370 683 407
683 370 735 407
735 370 787 407
787 370 839 407
215 407 267 444
267 407 319 444
319 407 371 444
371 407 423 444
423 407 475 444
475 407 527 444
527 407 579 444
579 407 631 444
631 407 683 444
683 407 735 444
735 407 787 444
787 407 839 444
215 444 267 481
267 444 319 481
319 444 371 481
371 444 423 481
423 444 475 481
475 444 527 481
527 444 579 481
579 444 631 481
631 444 683 481
683 444 735 481
735 444 787 481
787 444 839 481
215 481 267 518
267 481 319 518
319 481 371 518
371 481 423 518
423 481 475 518
475 481 527 518
527 481 579 518
579 481 631 518
631 481 683 518
683 481 735 518
735 481 787 518
787 481 839 518
215 518 267 555
267 518 319 555
319 518 371 555
371 518 423 555
423 518 475 555
475 518 527 555
527 518 579 555
579 518 631 555
631 518 683 555
683 518 735 555
735 518 787 555
787 518 839 555
215 555 267 592
267 555 319 592
319 555 371 592
371 555 423 592
423 555 475 592
475 555 527 592
527 555 579 592
579 555 631 592
631 555 683 592
683 555 735 592
735 555 787 592
787 555 839 592
215 592 267 629
267 592 319 629
319 592 371 629
371 592 423 629
423 592 475 629
475 592 527 629
527 592 579 629
579 592 631 629
631 592 683 629
683 592 735 629
735 592 787 629
787 592 839 629
215 629 267 666
267 629 319 666
319 629 371 666
371 629 423 666
423 629 475 666
475 629 527 666
527 629 579 666
579 629 631 666
631 629 683 666
683 629 735 666
735 629 787 666
787 629 839 666
215 666 267 703
267 666 319 703
319 666 371 703
371 666 423 703
423 666 475 703
475 666 527 703
527 666 579 703
579 666 631 703
631 666 683 703
683 666 735 703
735 666 787 703
787 666 839 703
215 703 267 740
267 703 319 740
319 703 371 740
371 703 423 740
423 703 475 740
475 703 527 740
527 703 579 740
579 703 631 740
631 703 683 740
683 703 735 740
735 703 787 740
787 703 839 740
215 740 267 777
267 740 319 777
319 740 371 777
371 740 423 777
423 740 475 777
475 740 527 777
527 740 579 777
579 740 631 777
631 740 683 777
683 740 735 777
735 740 787 777
787 740 839 777
215 777 267 814
267 777 319 814
319 777 371 814
371 777 423 814
423 777 475 814
475 777 527 814
527 777 579 814
579 777 631 814
631 777 683 814
683 777 735 814
735 777 787 814
787 777 839 814
215 814 267 851
267 814 319 851
319 814 371 851
371 814 423 851
423 814 475 851
475 814 527 851
527 814 579 851
579 814 631 851
631 814 683 851
683 814 735 851
735 814 787 851
787 814 839 851
215 851 267 888
267 851 319 888
319 851 371 888
371 851 423 888
423 851 475 888
475 851 527 888
527 851 579 888
579 851 631 888
631 851 683 888
683 851 735 888
735 851 787 888
787 851 839 888
215 888 267 925
267 888 319 925
319 888 371 925
371 888 423 925
423 888 475 925
475 888 527 925
527 888 579 925
579 888 631 925
631 888 683 925
683 888 735 925
735 888 787 925
787 888 839 925
215 925 267 962
267 925 319 962
319 925 371 962
371 925 423 962
423 925 475 962
475 925 527 962
527 925 579 962
579 925 631 962
631 925 683 962
683 925 735 962
735 925 787 962
787 925 839 962
215 962 267 999
267 962 319 999
319 962 371 999
371 962 423 999
423 962 475 999
475 962 527 999
527 962 579 999
579 962 631 999
631 962 683 999
683 962 735 999
735 962 787 999
787 962 839 999
215 999 267 1036
267 999 319 1036
319 999 371 1036
371 999 423 1036
423 999 475 1036
475 999 527 1036
527 999 579 1036
579 999 631 1036
631 999 683 1036
683 999 735 1036
735 999 787 1036
787 999 839 1036
215 1036 267 1073
267 1036 319 1073
319 1036 371 1073
371 1036 423 1073
423 1036 475 1073
475 1036 527 1073
527 1036 579 1073
579 1036 631 1073
631 1036 683 1073
683 1036 735 1073
735 1036 787 1073
787 1036 839 1073
215 1073 267 1110
267 1073 319 1110
319 1073 371 1110
371 1073 423 1110
423 1073 475 1110
475 1073 527 1110
527 1073 579 1110
579 1073 631 1110
631 1073 683 1110
683 1073 735 1110
735 1073 787 1110
787 1073 839 1110
215 1110 267 1147
267 1110 319 1147
319 1110 371 1147
371 1110 423 1147
423 1110 475 1147
475 1110 527 1147
527 1110 579 1147
579 1110 631 1147
631 1110 683 1147
683 1110 735 1147
735 1110 787 1147
787 1110 839 1147
215 1147 267 1184
267 1147 319 1184
319 1147 371 1184
371 1147 423 1184
423 1147 475 1184
475 1147 527 1184
527 1147 579 1184
579 1147 631 1184
631 1147 683 1184
683 1147 735 1184
735 1147 787 1184
787 1147 839 1184
163 74 215 111
163 111 215 148
126 37 163 89
126 89 163 141
163 148 215 185
163 185 215 222
163 222 215 259
163 259 215 296
163 296 215 333
163 333 215 370
163 370 215 407
126 148 163 200
126 200 163 252
126 252 163 304
126 304 163 356
126 356 163 408
163 408 215 445
163 445 215 482
163 482 215 519
163 519 215 556
163 556 215 593
163 593 215 630
163 630 215 667
126 408 163 460
126 460 163 512
126 512 163 564
126 564 163 616
126 616 163 668
163 668 215 705
163 705 215 742
163 742 215 779
163 779 215 816
163 816 215 853
163 853 215 890
163 890 215 927
126 668 163 720
126 720 163 772
126 772 163 824
126 824 163 876
126 876 163 928
163 928 215 965
163 965 215 1002
163 1002 215 1039
163 1039 215 1076
163 1076 215 1113
163 1113 215 1150
163 1150 215 1187
126 928 163 980
126 980 163 1032
126 1032 163 1084
126 1084 163 1136
126 1136 163 1188
0 0 37 52
37 0 74 52
74 0 111 52
74 52 126 89
89 89 126 141
89 141 126 193
89 193 126 245
89 245 126 297
89 297 126 349
89 349 126 401
89 401 126 453
89 453 126 505
89 505 126 557
89 557 126 609
89 609 126 661
89 661 126 713
89 713 126 765
89 765 126 817
89 817 126 869
89 869 126 921
89 921 126 973
89 973 126 1025
89 1025 126 1077
89 1077 126 1129
89 1129 126 1181
0 52 37 104
37 52 74 104
37 104 89 141
37 141 89 178
37 178 89 215
37 215 89 252
52 252 89 304
52 304 89 356
52 356 89 408
52 408 89 460
52 460 89 512
52 512 89 564
52 564 89 616
52 616 89 668
52 668 89 720
52 720 89 772
52 772 89 824
52 824 89 876
52 876 89 928
52 928 89 980
52 980 89 1032
52 1032 89 1084
52 1084 89 1136
52 1136 89 1188
0 104 37 156
0 156 37 208
0 208 37 260
0 260 52 297
0 297 52 334
0 334 52 371
0 371 52 408
0 408 52 445
0 445 52 482
0 482 52 519
0 519 52 556
0 556 52 593
0 593 52 630
0 630 52 667
0 667 52 704
0 704 52 741
0 741 52 778
0 778 52 815
0 815 52 852
0 852 52 889
0 889 52 926
0 926 52 963
0 963 52 1000
0 1000 52 1037
0 1037 52 1074
0 1074 52 1111
0 1111 52 1148
0 1148 52 1185